RT_Stim	RT_Control	Monkey	Sig
169.5	137.8571429	1	1
201.2	196.5	1	0
208.0588235	192.8	1	1
243.6470588	202	1	1
162.4736842	146.1578947	1	1
189.075	175.15	1	1
160.825	141.35	1	0
162.7	159.3	1	0
134.3	162.6	1	0
146.25	157.9	1	0
155.1282051	121.125	1	1
183.7894737	173.2307692	1	1
212.475	214.2	1	0
158.9	127.3	1	1
143.425	136.05	2	0
170.375	157.5897436	2	1
169.3902439	171.275	2	0
173.1	167.6666667	2	0
154.3	145.7	2	0
229.625	235.025	2	0
			
			
			
			
			
			
			
			
			
			
			
			
			
			
			
			
			
			
			
			
			
			
			
			
			
			
			
			
			
			
			
			
			
			
			
			
			
			
			
			
			
			
			
			
			
			
			
			
			
			
			
			
			
			
			
			
			
			
			
			
			
			
			
			
			
			
			
			
			
			
			
			
			
			
			
			
			
			
			
			
			
			
			
			
			
			
			
			
			
			
			
			
			
			
			
			
			
			
			
			
			
			
			
			
			
			
			
			
			
			
			
			
			
			
			
			
			
			
			
			
			
			
			
			
			
			
			
			
			
			
			
			
			
			
			
			
			
			
			
			
			
			
			
			
			
			
			
			