Time	VisOnly	VisMov	Mov	VisSem	VisMSem	MovSem
-297.5	-0.462981532	-1.018397039	0.152405321	0.112725058	0.139535279	0.177450987
-292.5	-0.489744444	-1.009213248	0.204226061	0.10993107	0.135661105	0.178165571
-287.5	-0.519836502	-0.979765677	0.210366474	0.1078178	0.135847293	0.197160277
-282.5	-0.541650604	-0.949581247	0.154940488	0.108669659	0.138640387	0.207799091
-277.5	-0.556270204	-0.938982647	0.05998816	0.112322349	0.143143714	0.193333704
-272.5	-0.57073791	-0.956263313	-0.027016961	0.118511472	0.14614816	0.164045834
-267.5	-0.591168638	-0.992154466	-0.066358812	0.12477619	0.144078173	0.144360958
-262.5	-0.617453555	-1.027570218	-0.050639113	0.12607589	0.137795641	0.151263989
-257.5	-0.639856216	-1.049302121	-0.005073762	0.120568495	0.130973144	0.177803868
-252.5	-0.643965914	-1.055660216	0.038264446	0.111522818	0.125414597	0.201193234
-247.5	-0.622540012	-1.049593196	0.066421861	0.108314404	0.120180151	0.209136122
-242.5	-0.581432833	-1.03562781	0.081347724	0.118944411	0.114682769	0.203447006
-237.5	-0.536572556	-1.023546115	0.080537442	0.137973578	0.110069762	0.190235898
-232.5	-0.50866898	-1.023818892	0.05926807	0.153336069	0.107452697	0.176669044
-227.5	-0.512435432	-1.035019536	0.027706109	0.157207017	0.107067054	0.168023892
-222.5	-0.541777554	-1.043372346	0.007882422	0.151887295	0.108399891	0.168611243
-217.5	-0.573102361	-1.038334355	0.009613204	0.144630195	0.110521397	0.17903325
-212.5	-0.59015396	-1.022799775	0.017896475	0.137215436	0.11271844	0.188918246
-207.5	-0.595243559	-1.006252324	0.00981306	0.127933672	0.114447849	0.192791925
-202.5	-0.591328923	-0.993910488	-0.01552035	0.116634423	0.115369794	0.199055855
-197.5	-0.570064235	-0.984682559	-0.027037147	0.107836008	0.115575042	0.216691843
-192.5	-0.529966317	-0.975550048	0.011813143	0.109591124	0.116001101	0.243615076
-187.5	-0.49308615	-0.965733637	0.105109285	0.117119869	0.118846656	0.268687451
-182.5	-0.486861981	-0.957231217	0.218927738	0.11608826	0.124529566	0.280001745
-177.5	-0.513513968	-0.951485435	0.314320232	0.103338482	0.130361165	0.272585461
-172.5	-0.548448103	-0.946838259	0.376760371	0.089322057	0.134446679	0.252897716
-167.5	-0.565891949	-0.941254328	0.410797157	0.087755791	0.136999798	0.232451332
-162.5	-0.557337107	-0.937304194	0.418387915	0.099473628	0.138777714	0.214713735
-157.5	-0.528573088	-0.943010654	0.392960937	0.114538198	0.139478983	0.199174156
-152.5	-0.492210444	-0.965794538	0.330942172	0.123617071	0.13748263	0.192160715
-147.5	-0.466953851	-1.002681283	0.242880318	0.122618155	0.132156313	0.198896781
-142.5	-0.470576924	-1.036668675	0.15329143	0.115466891	0.126082251	0.213190719
-137.5	-0.500654605	-1.047447171	0.088490079	0.110037051	0.122831116	0.222232855
-132.5	-0.528278441	-1.028632449	0.06059238	0.108915919	0.122497966	0.219984865
-127.5	-0.524254698	-0.993188413	0.061359416	0.108859532	0.123446366	0.212034548
-122.5	-0.49028946	-0.961763229	0.070356374	0.106843703	0.125390766	0.201805411
-117.5	-0.453471819	-0.948003789	0.068842277	0.102205581	0.127991621	0.185804198
-112.5	-0.431428768	-0.953804093	0.049935896	0.100297133	0.129732088	0.171918889
-107.5	-0.415824972	-0.97152087	0.022392003	0.109623594	0.12868251	0.175504218
-102.5	-0.391967391	-0.986913382	0.009091031	0.126514348	0.1249546	0.190857741
-97.5	-0.361686766	-0.985890344	0.037483014	0.138213118	0.121088083	0.204439954
-92.5	-0.339705323	-0.964962496	0.1165553	0.13602647	0.119378402	0.218904721
-87.5	-0.333190988	-0.93396628	0.212394333	0.119690883	0.121003835	0.237708232
-82.5	-0.33226005	-0.905939783	0.259050944	0.104468026	0.126178799	0.246039322
-77.5	-0.32284385	-0.885741601	0.216573274	0.115704459	0.132497822	0.229844881
-72.5	-0.304533079	-0.868557603	0.117079393	0.140791186	0.13508604	0.199458749
-67.5	-0.288748052	-0.845282918	0.035323744	0.152027686	0.132647853	0.182575868
-62.5	-0.281627332	-0.808570464	0.01717411	0.149945502	0.130975133	0.192091885
-57.5	-0.279905208	-0.75951779	0.052757571	0.148913409	0.135835639	0.210807668
-52.5	-0.285989966	-0.712207074	0.109825962	0.149163811	0.143525692	0.220558851
-47.5	-0.314427732	-0.688139083	0.16935129	0.144568486	0.14501777	0.219461591
-42.5	-0.372821897	-0.70115262	0.226107881	0.136792226	0.136254536	0.215733754
-37.5	-0.442342946	-0.745984111	0.269176391	0.131849454	0.1211429	0.216067347
-32.5	-0.490163992	-0.801180391	0.274123673	0.134335313	0.109519992	0.21500925
-27.5	-0.502673467	-0.842721718	0.224338011	0.141272749	0.108732939	0.201591164
-22.5	-0.49661495	-0.856507688	0.142156151	0.14455656	0.115411114	0.178130007
-17.5	-0.493245498	-0.843344398	0.08522938	0.140260741	0.12445559	0.156114142
-12.5	-0.49037732	-0.817780469	0.09943626	0.132340413	0.134570206	0.14277878
-7.5	-0.469552578	-0.801593278	0.176034662	0.127730398	0.143042646	0.145201614
-2.5	-0.426436764	-0.812120459	0.258831453	0.12607701	0.145351046	0.162612372
2.5	-0.380301921	-0.850793864	0.294108353	0.12102744	0.139411974	0.181924461
7.5	-0.349248819	-0.900046735	0.274063145	0.113750426	0.12822842	0.190652841
12.5	-0.325520163	-0.933825781	0.233554433	0.114190963	0.118267162	0.183635188
17.5	-0.281193488	-0.936546541	0.209651371	0.127296728	0.114797702	0.168686265
22.5	-0.193342296	-0.911409452	0.209571736	0.147050905	0.118199095	0.161201771
27.5	-0.061342099	-0.865062361	0.216708822	0.165455902	0.125918962	0.166077237
32.5	0.096897253	-0.784947933	0.219108079	0.177771241	0.135148167	0.178382473
37.5	0.267368502	-0.639065683	0.222203528	0.190505704	0.144116483	0.191631748
42.5	0.460164945	-0.403338885	0.232391262	0.222495292	0.157900195	0.196192099
47.5	0.697564128	-0.089915207	0.237887672	0.273535361	0.184372792	0.189225241
52.5	0.974639281	0.252150561	0.216297074	0.318311713	0.217333787	0.177382442
57.5	1.239781118	0.564797838	0.161163774	0.339726748	0.241752928	0.165393562
62.5	1.424692943	0.811285103	0.09150589	0.340946516	0.251780163	0.160650239
67.5	1.496578558	0.984911055	0.029349456	0.329604013	0.249363393	0.172239792
72.5	1.48264449	1.100157728	-0.023847336	0.306777915	0.23443592	0.188691116
77.5	1.444709058	1.1834314	-0.080442343	0.281124424	0.211211033	0.197498645
82.5	1.427771529	1.262311276	-0.145914315	0.270346568	0.197193572	0.207416121
87.5	1.431179668	1.345049202	-0.215181811	0.27348254	0.20440051	0.223509541
92.5	1.425992651	1.406794317	-0.281917787	0.272424534	0.217749367	0.234729674
97.5	1.392706723	1.408474867	-0.342159726	0.260666119	0.218817426	0.237613394
102.5	1.339242106	1.337583633	-0.392156852	0.248711354	0.207114639	0.235340821
107.5	1.289492475	1.226852572	-0.42900048	0.244042705	0.194368268	0.222860321
112.5	1.261837388	1.131467433	-0.45434051	0.237784638	0.189320111	0.195777374
117.5	1.256758825	1.092086538	-0.473502756	0.22015427	0.189922935	0.163189867
122.5	1.259983309	1.11470293	-0.486530032	0.194619469	0.191167304	0.13810716
127.5	1.256764592	1.172568517	-0.483357662	0.178986232	0.191433937	0.123509079
132.5	1.242085422	1.223976928	-0.454224745	0.18918892	0.190450897	0.118270664
137.5	1.217353967	1.237500123	-0.401930407	0.209114116	0.187270858	0.122974627
142.5	1.186268672	1.208210473	-0.338202555	0.215993681	0.180398303	0.1379456
147.5	1.158060474	1.152071381	-0.27354619	0.217937775	0.171118093	0.167599986
152.5	1.142201783	1.087594792	-0.219140425	0.229842108	0.167047485	0.208875944
157.5	1.132526807	1.024492863	-0.192670646	0.239820329	0.176231867	0.242887969
162.5	1.108893737	0.963951047	-0.206851146	0.235877441	0.194127194	0.255321252
167.5	1.062982555	0.901846169	-0.248354214	0.225971732	0.207576411	0.250838019
172.5	1.011815137	0.83274128	-0.278600425	0.225032463	0.208251066	0.245481424
177.5	0.977257172	0.756565215	-0.262827526	0.236647852	0.198653825	0.251952492
182.5	0.960666387	0.680549138	-0.196289524	0.247473282	0.189132213	0.268380421
187.5	0.944959962	0.611098669	-0.101939876	0.246705935	0.185313622	0.282586107
192.5	0.913643172	0.546752112	-0.00857449	0.241589588	0.182994771	0.288412498
197.5	0.859172448	0.483434376	0.069666364	0.240670876	0.179733078	0.283264978
202.5	0.77713106	0.424211276	0.141501194	0.236884741	0.180239435	0.273115838
207.5	0.664797504	0.37966013	0.224289033	0.224679652	0.18647725	0.291511671
212.5	0.533677747	0.359244987	0.311667916	0.209191609	0.193438577	0.340797985
217.5	0.417346086	0.362935683	0.363789006	0.196858864	0.197452056	0.364978862
222.5	0.351786503	0.379031908	0.34508058	0.190276679	0.198598999	0.331685053
227.5	0.343481786	0.391632549	0.263447573	0.189585274	0.196927482	0.264008506
232.5	0.364307678	0.39390192	0.157172071	0.193462141	0.191797538	0.216017127
237.5	0.378322766	0.39183708	0.052558807	0.19783002	0.183627992	0.208963801
242.5	0.368315499	0.391871592	-0.048684774	0.199863871	0.174388398	0.208004981
247.5	0.340332956	0.388836159	-0.147243029	0.200719757	0.167265505	0.192565214
252.5	0.311283366	0.370898806	-0.232189499	0.202491097	0.163665257	0.175267388
257.5	0.295342743	0.334348043	-0.292465752	0.204912523	0.161790637	0.170094483
262.5	0.299766383	0.290223718	-0.324583	0.206953284	0.160170527	0.164174901
267.5	0.323955122	0.257240719	-0.31836075	0.211910027	0.160751018	0.146776931
272.5	0.351345932	0.24856239	-0.251759539	0.22363399	0.16718528	0.141622902
277.5	0.34742049	0.262605819	-0.121670506	0.236082129	0.1766275	0.176233853
282.5	0.283687872	0.285024728	0.024921553	0.237624056	0.180479942	0.229257846
287.5	0.169564055	0.300338349	0.112333037	0.225174034	0.17628623	0.266590916
292.5	0.052142255	0.302505974	0.099046602	0.206127367	0.170921619	0.269151657
297.5	-0.01943173	0.295389186	0.014763347	0.190377701	0.170978413	0.239215886
302.5	-0.026505897	0.284518013	-0.068396552	0.183354525	0.175838908	0.203027136
307.5	0.017213894	0.270749427	-0.094971326	0.183273353	0.181290352	0.191353053
312.5	0.08254528	0.25521595	-0.052415539	0.185062693	0.183846582	0.207395035
317.5	0.140358845	0.249489128	0.045449254	0.184814841	0.184510564	0.238092609
322.5	0.176649863	0.273272183	0.175761562	0.180968458	0.189009703	0.279921114
327.5	0.202700732	0.336448642	0.303367991	0.177980656	0.199399272	0.329806427
332.5	0.237724366	0.425690491	0.382235275	0.187958553	0.21008324	0.36550486
337.5	0.273220932	0.513341491	0.381413182	0.215906836	0.215688631	0.360230099
342.5	0.268733688	0.580063304	0.311589495	0.243240952	0.218098106	0.314138673
347.5	0.19308424	0.625405857	0.220690187	0.248218288	0.224230157	0.26286877
352.5	0.060923097	0.654826891	0.165710913	0.233556228	0.234874404	0.248646729
357.5	-0.076457189	0.662642519	0.186696113	0.221140246	0.243595669	0.269188683
362.5	-0.166170271	0.635398637	0.289534075	0.221632456	0.248732613	0.301037613
367.5	-0.178230257	0.570463007	0.437203969	0.227040328	0.254049095	0.340452055
372.5	-0.116674369	0.484021157	0.562961573	0.234414434	0.259427037	0.38132699
377.5	-0.023327207	0.398655225	0.609740261	0.247419319	0.260535387	0.403840138
382.5	0.043002448	0.327140523	0.565905222	0.261482427	0.255132868	0.396731395
387.5	0.053997434	0.271344263	0.463951357	0.271230506	0.244850378	0.368797461
392.5	0.036833789	0.232367025	0.351424998	0.281232561	0.234338066	0.333830186
397.5	0.036474295	0.210877076	0.269183531	0.296744133	0.22928955	0.298499277