Time	VisOnly	VisMov	Mov	VisSem	VisMSem	MovSem
-497.5	-0.340434052	-0.194864243	1.036637611	0.212336462	0.229753205	0.398228189
-492.5	-0.437970238	-0.285792866	0.964562547	0.188204642	0.21913136	0.394384469
-487.5	-0.534134331	-0.337336764	0.889985639	0.167008763	0.213502544	0.382813352
-482.5	-0.605173739	-0.327361663	0.847684808	0.158865426	0.215818099	0.377650614
-477.5	-0.651153082	-0.272438961	0.863522394	0.162649819	0.223492676	0.383117713
-472.5	-0.673226722	-0.204522653	0.935946924	0.168000861	0.230382251	0.395818635
-467.5	-0.660211241	-0.145484905	1.037305401	0.167352168	0.230544983	0.411325229
-462.5	-0.602088703	-0.102677856	1.131761948	0.164442441	0.223110346	0.418875566
-457.5	-0.508825409	-0.079401713	1.198719147	0.172145791	0.213841916	0.419587609
-452.5	-0.40776572	-0.078424321	1.241306407	0.205353207	0.210404287	0.43285859
-447.5	-0.324172714	-0.094101694	1.276192099	0.265805858	0.21538901	0.464577148
-442.5	-0.267911801	-0.110645585	1.321517395	0.334263589	0.226163092	0.493924546
-437.5	-0.234365063	-0.114278203	1.391509052	0.3852325	0.239349235	0.510040145
-432.5	-0.214513699	-0.103264623	1.486174887	0.403767259	0.253210341	0.550409844
-427.5	-0.206433454	-0.084597863	1.571045161	0.389573058	0.266927933	0.628634408
-422.5	-0.216402702	-0.067620474	1.580031075	0.353946763	0.277615582	0.673206889
-417.5	-0.249540565	-0.062219042	1.469973792	0.313699172	0.280989069	0.637522534
-412.5	-0.302906987	-0.075983602	1.274751199	0.279733989	0.276487368	0.554343335
-407.5	-0.360817429	-0.109021756	1.082665002	0.254511094	0.268254585	0.478739217
-402.5	-0.391188024	-0.150157373	0.961500742	0.245010309	0.260337945	0.437235416
-397.5	-0.362375266	-0.176781145	0.921377147	0.268619674	0.254442023	0.421329539
-392.5	-0.280207686	-0.164927609	0.937357317	0.333904696	0.252291492	0.40778632
-387.5	-0.198431845	-0.110345898	0.977730838	0.408988465	0.254758897	0.395096091
-382.5	-0.173374544	-0.040365747	1.010439282	0.441592833	0.257928078	0.396610954
-377.5	-0.210506299	0.00308223	1.017027299	0.412553364	0.256889109	0.402966163
-372.5	-0.269881038	-0.003389869	1.02234279	0.346527672	0.253048635	0.397493345
-367.5	-0.31831484	-0.048197966	1.090989496	0.277996341	0.252075262	0.382920349
-362.5	-0.357028204	-0.098699726	1.26351789	0.22415734	0.255660031	0.373992386
-357.5	-0.400484144	-0.127748565	1.491535307	0.188657165	0.258520211	0.383589245
-352.5	-0.448285676	-0.128579667	1.653810231	0.172734573	0.255157191	0.408051318
-347.5	-0.482919394	-0.112690798	1.649818538	0.171916655	0.247221656	0.431111053
-342.5	-0.485618413	-0.100531313	1.480219475	0.177783186	0.240535484	0.440589912
-337.5	-0.453877954	-0.110158025	1.241637538	0.186813475	0.236981533	0.436893933
-332.5	-0.409431929	-0.144006213	1.049667561	0.19582379	0.233775478	0.430951521
-327.5	-0.384280935	-0.182301239	0.961701931	0.197890409	0.229842655	0.426979675
-322.5	-0.389746475	-0.194056883	0.957264538	0.190002302	0.228490454	0.415646299
-317.5	-0.405059994	-0.160192527	0.974749639	0.181060187	0.232660229	0.389684432
-312.5	-0.406267616	-0.087542544	0.966041603	0.183850978	0.240523525	0.356979046
-307.5	-0.397131871	-0.001391271	0.931688436	0.201344774	0.247855794	0.338101086
-302.5	-0.398672118	0.07050363	0.9110637	0.227482226	0.25250717	0.344628042
-297.5	-0.415070746	0.106439453	0.935631404	0.252034236	0.254391062	0.363264769
-292.5	-0.424274252	0.098996068	0.995272148	0.27203471	0.252751708	0.372984456
-287.5	-0.406609113	0.066882602	1.05165432	0.292653261	0.248246281	0.37041854
-282.5	-0.374433313	0.046080049	1.074527062	0.308899854	0.245685155	0.369408298
-277.5	-0.36051306	0.055532432	1.061992564	0.30399213	0.248457977	0.372113978
-272.5	-0.379026388	0.081569792	1.035387316	0.272404047	0.254012794	0.365489405
-267.5	-0.414487228	0.103014581	1.016665027	0.229247377	0.259106465	0.34727635
-262.5	-0.44976351	0.114457779	1.006797062	0.192495719	0.264416462	0.328232346
-257.5	-0.485967535	0.117310777	0.993172853	0.167694586	0.270174958	0.317009123
-252.5	-0.527858381	0.108160728	0.981322584	0.153459198	0.271866111	0.313967256
-247.5	-0.565217442	0.087428288	1.005613419	0.150755062	0.265362999	0.316431484
-242.5	-0.583132154	0.065814203	1.100923835	0.156950222	0.252936586	0.328385209
-237.5	-0.585886081	0.053784776	1.270581865	0.163294531	0.240600921	0.350567251
-232.5	-0.596706128	0.052360499	1.479619719	0.166479829	0.231790827	0.371604474
-227.5	-0.631889342	0.056804669	1.664681793	0.16679847	0.226820571	0.388634286
-222.5	-0.684446955	0.063020049	1.755360153	0.162842214	0.225261533	0.403934385
-217.5	-0.734217304	0.068898266	1.717432106	0.157463861	0.226451518	0.408254452
-212.5	-0.764747668	0.073829604	1.589027156	0.156429652	0.229446436	0.394036139
-207.5	-0.768638978	0.078747225	1.452546436	0.157949448	0.23252139	0.375110263
-202.5	-0.746310497	0.085053396	1.360931833	0.156884339	0.234256951	0.373704811
-197.5	-0.706570147	0.094103097	1.308370852	0.153949673	0.235856526	0.385153904
-192.5	-0.664641423	0.11029916	1.269691052	0.151801449	0.240321664	0.391620417
-187.5	-0.631751996	0.142730431	1.237427353	0.151055587	0.247829409	0.394256109
-182.5	-0.604908029	0.197873667	1.214252134	0.153415516	0.253459999	0.401463376
-177.5	-0.571790686	0.268084787	1.199926108	0.159568444	0.252428482	0.410277668
-172.5	-0.527889258	0.330352312	1.202257259	0.163739617	0.246589628	0.415722753
-167.5	-0.486184988	0.361141695	1.240085035	0.158852598	0.243326199	0.419575105
-162.5	-0.469596664	0.354548196	1.31715584	0.145371351	0.248382295	0.423999131
-157.5	-0.49363107	0.32777539	1.405411766	0.131165735	0.259873586	0.428313415
-152.5	-0.550843575	0.313233164	1.470390165	0.125102866	0.27162706	0.428866122
-147.5	-0.611119627	0.34296886	1.506420521	0.131435126	0.282276213	0.423337884
-142.5	-0.646818272	0.428532667	1.538314002	0.146362179	0.296740705	0.41600336
-137.5	-0.661391962	0.548958354	1.599383631	0.159355496	0.31767552	0.414516723
-132.5	-0.682505883	0.662750332	1.710514711	0.161340239	0.338009179	0.421792033
-127.5	-0.723458593	0.736283952	1.861765598	0.154241833	0.346976292	0.431447226
-122.5	-0.764316904	0.761972244	2.012529024	0.149245338	0.341013206	0.432427236
-117.5	-0.774992661	0.754492554	2.132194001	0.153407322	0.324852287	0.422365834
-112.5	-0.745358549	0.738109619	2.242779119	0.164675696	0.305791057	0.416781801
-107.5	-0.691841001	0.736538215	2.396632185	0.175621889	0.28952167	0.433291108
-102.5	-0.644673082	0.76303964	2.602010773	0.178190917	0.279534196	0.469903012
-97.5	-0.626800581	0.814333509	2.791704328	0.171961028	0.277155883	0.509529593
-92.5	-0.637678653	0.878015732	2.887324275	0.166249964	0.282173843	0.546667242
-87.5	-0.660292561	0.945159466	2.886429941	0.168872226	0.294289017	0.594680658
-82.5	-0.684157066	1.011473288	2.864466622	0.178003538	0.312567053	0.655343449
-77.5	-0.71161524	1.072142333	2.896527062	0.185390175	0.333471866	0.702831824
-72.5	-0.740502989	1.125079906	2.999655753	0.185708203	0.351269873	0.713060983
-67.5	-0.753297721	1.177388712	3.146878177	0.183496155	0.362880181	0.685318938
-62.5	-0.730083941	1.240448068	3.309703298	0.187879282	0.369933544	0.63481367
-57.5	-0.667443334	1.31643679	3.478275806	0.207688918	0.374924409	0.583620817
-52.5	-0.582622222	1.392808789	3.657699087	0.247508138	0.378539648	0.556092219
-47.5	-0.502897068	1.451285988	3.859102926	0.296932429	0.378623945	0.558542496
-42.5	-0.450085935	1.482168466	4.092906955	0.333747657	0.372808215	0.572674781
-37.5	-0.428352038	1.494535418	4.361441716	0.345051478	0.363538803	0.590250121
-32.5	-0.422253787	1.51583813	4.649269338	0.339820996	0.357027046	0.625202242
-27.5	-0.409379182	1.571677258	4.921513513	0.336490389	0.35852069	0.685569398
-22.5	-0.379830953	1.655899537	5.137202478	0.3406	0.367515356	0.758880917
-17.5	-0.343355138	1.728645354	5.266111038	0.34130962	0.377496373	0.824331364
-12.5	-0.316295906	1.753037157	5.301688605	0.328345799	0.382677875	0.873504513
-7.5	-0.305721799	1.726811037	5.268868788	0.306029339	0.382668372	0.909451674
-2.5	-0.308354307	1.674255637	5.207296527	0.287537236	0.378870895	0.930056768
2.5	-0.318237934	1.618374795	5.122936039	0.278421878	0.371072038	0.933895228
7.5	-0.330706485	1.567277648	4.959851143	0.271805545	0.360680225	0.928420319
12.5	-0.343485983	1.519462149	4.651334583	0.257482129	0.351343272	0.912237322
17.5	-0.357534942	1.472116349	4.212516287	0.233262603	0.344353679	0.87598075
22.5	-0.374319369	1.422144457	3.755663144	0.209265484	0.338917769	0.830051285
27.5	-0.391943082	1.365481928	3.392348702	0.196577153	0.33664448	0.799377313
32.5	-0.405687043	1.304116709	3.142932056	0.19443899	0.340150218	0.793112478
37.5	-0.408025986	1.252826012	2.96175041	0.197376829	0.349516902	0.799295072
42.5	-0.383074113	1.227660826	2.818458038	0.206180771	0.362806061	0.805462438
47.5	-0.307487786	1.224190704	2.716173386	0.228873252	0.374308463	0.812767118
52.5	-0.17079977	1.216382991	2.646777832	0.273383477	0.375303084	0.825939237
57.5	0.000250747	1.181045981	2.573600207	0.331114638	0.362250642	0.833518923
62.5	0.146893258	1.118748196	2.471769906	0.375775499	0.341223307	0.816251833
67.5	0.217828573	1.051267834	2.365958943	0.393995136	0.322030708	0.770966905
72.5	0.204359154	1.002801791	2.31150367	0.39884008	0.30993305	0.716177924
77.5	0.135363668	0.981613152	2.339290712	0.405657537	0.304270446	0.679241987
82.5	0.043261542	0.974560492	2.423004404	0.406164172	0.302073503	0.673500021
87.5	-0.056911138	0.957572102	2.495815699	0.376866882	0.300354613	0.685630967
92.5	-0.156752471	0.914088774	2.498019093	0.312989107	0.297203829	0.692074439
97.5	-0.240287869	0.846991384	2.417485706	0.241253793	0.295334632	0.685796038
102.5	-0.29344702	0.773123913	2.289551663	0.194026824	0.299302747	0.677349951
107.5	-0.318949451	0.706876433	2.155336758	0.176319853	0.30514314	0.673499524
112.5	-0.330292045	0.651835841	2.022878144	0.171334762	0.304648804	0.66411984
117.5	-0.335491507	0.605290274	1.87861126	0.169589323	0.297049846	0.638764797
122.5	-0.3339581	0.564199916	1.734121392	0.173419408	0.286998566	0.605738282
127.5	-0.326888646	0.528165146	1.642522088	0.185006991	0.27692257	0.57980987
132.5	-0.324052807	0.501061885	1.657544397	0.20071567	0.266646081	0.564454527
137.5	-0.335722422	0.488059433	1.779246539	0.214368167	0.256927215	0.555414989
142.5	-0.358432367	0.489114471	1.93916262	0.220525304	0.251272826	0.54961744
147.5	-0.373911848	0.497524942	2.034693899	0.218934512	0.252170918	0.549667809
152.5	-0.364993399	0.505498372	1.987210158	0.21437655	0.255954721	0.552051976
157.5	-0.331375738	0.508910282	1.787527079	0.209981591	0.259395538	0.538410558
162.5	-0.290741079	0.505468768	1.499029283	0.206932145	0.264019895	0.49641729
167.5	-0.265266376	0.491181029	1.220081967	0.20673493	0.268518153	0.436102245
172.5	-0.261563723	0.46321373	1.039388694	0.207042704	0.268663589	0.386188963
177.5	-0.260596338	0.425249241	1.005005124	0.202334244	0.262721218	0.370442224
182.5	-0.23267327	0.386402896	1.104182387	0.194529277	0.251959853	0.379419151
187.5	-0.165131793	0.356815996	1.266166718	0.204202537	0.240619915	0.388163124
192.5	-0.072920763	0.343771757	1.402246973	0.249356055	0.233998734	0.388896071
197.5	0.013419859	0.34394936	1.45432475	0.305913225	0.23429721	0.391963641